#
# Lsun = 3.8450e+33 erg/s
# ----------------------------------------------------------------
# Normalization infomation:
#    Normalize in band [8.000e+00, 1.000e+03] (um) to logL = 0.000 (log erg/s)
# ----------------------------------------------------------------
# 1 : um
# 2 : erg/s/Hz
    1.686941e-02      9.792487e-25
    1.845015e-02      1.143913e-24
    2.017902e-02      1.299849e-24
    2.208005e-02      1.443421e-24
    2.414905e-02      7.169569e-24
    2.641192e-02      1.024219e-22
    2.888684e-02      2.844415e-22
    3.160094e-02      3.139012e-22
    3.457005e-02      2.894630e-22
    3.780942e-02      7.594392e-22
    4.136185e-02      1.137347e-21
    4.523765e-02      1.340890e-21
    4.947662e-02      1.510056e-21
    5.412526e-02      1.539193e-21
    5.919704e-02      1.820510e-21
    6.475898e-02      1.819253e-21
    7.082719e-02      1.864202e-21
    7.748185e-02      1.907186e-21
    8.474225e-02      2.081100e-21
    9.270433e-02      2.970934e-21
    1.013911e-01      4.898837e-20
    1.108919e-01      1.381952e-19
    1.213109e-01      8.384806e-20
    1.327089e-01      2.330736e-19
    1.451109e-01      3.161499e-19
    1.588181e-01      3.677842e-19
    1.699809e-01      3.967282e-19
    1.737001e-01      3.964542e-19
    1.898891e-01      3.629051e-19
    2.077782e-01      2.794429e-19
    2.215134e-01      2.732078e-19
    2.273003e-01      2.958646e-19
    2.480276e-01      4.919183e-19
    2.485994e-01      5.014100e-19
    2.718942e-01      8.930855e-19
    2.973719e-01      1.313086e-18
    3.253119e-01      1.819672e-18
    3.557951e-01      2.292414e-18
    3.892243e-01      3.114534e-18
    4.256964e-01      6.286270e-18
    4.656933e-01      7.992691e-18
    5.094482e-01      1.005294e-17
    5.570575e-01      1.214208e-17
    6.093966e-01      1.467213e-17
    6.666532e-01      1.656506e-17
    7.291217e-01      2.255761e-17
    7.974436e-01      3.141905e-17
    8.723685e-01      4.191727e-17
    9.541134e-01      4.888696e-17
    1.043999e+00      6.322561e-17
    1.142089e+00      7.333191e-17
    1.249108e+00      8.384806e-17
    1.366155e+00      1.017637e-16
    1.494170e+00      1.158225e-16
    1.634180e+00      1.390571e-16
    1.788134e+00      1.394739e-16
    1.954790e+00      1.326762e-16
    2.138947e+00      1.227702e-16
    2.338837e+00      1.048077e-16
    2.559175e+00      7.412983e-17
    2.798981e+00      7.901199e-17
    3.061258e+00      7.116935e-17
    3.221069e+00      7.385723e-17
    3.230725e+00      7.505731e-17
    3.241156e+00      7.624178e-17
    3.250125e+00      7.733801e-17
    3.259868e+00      7.855847e-17
    3.269640e+00      7.981656e-17
    3.280198e+00      8.113216e-17
    3.290031e+00      8.252642e-17
    3.299134e+00      8.178865e-17
    3.299894e+00      8.163812e-17
    3.300654e+00      8.148788e-17
    3.309787e+00      8.003741e-17
    3.319709e+00      7.837779e-17
    3.329661e+00      7.678794e-17
    3.339643e+00      7.524766e-17
    3.348883e+00      7.389125e-17
    3.349654e+00      7.373828e-17
    3.358923e+00      7.244243e-17
    3.368992e+00      7.100567e-17
    3.379092e+00      7.006369e-17
    3.389222e+00      6.911830e-17
    3.399382e+00      6.818566e-17
    3.408788e+00      6.726560e-17
    3.419007e+00      6.632741e-17
    3.429257e+00      6.540230e-17
    3.438745e+00      6.449010e-17
    3.448260e+00      6.366387e-17
    3.457801e+00      6.406090e-17
    3.468167e+00      6.449010e-17
    3.477763e+00      6.490722e-17
    3.488189e+00      6.534209e-17
    3.497840e+00      6.576473e-17
    3.508326e+00      6.619010e-17
    3.518034e+00      6.661822e-17
    3.527768e+00      6.704911e-17
    3.538344e+00      6.695654e-17
    3.548134e+00      6.678717e-17
    3.557132e+00      6.666425e-17
    3.566974e+00      6.651093e-17
    3.576844e+00      6.635796e-17
    3.586741e+00      6.620534e-17
    3.596665e+00      6.605307e-17
    3.606617e+00      6.590115e-17
    3.616596e+00      6.574959e-17
    3.626603e+00      6.559837e-17
    3.636637e+00      6.546257e-17
    3.645860e+00      6.534209e-17
    3.655948e+00      6.520682e-17
    3.662689e+00      6.510180e-17
    3.666064e+00      6.508682e-17
    3.676207e+00      6.502690e-17
    3.686379e+00      6.496703e-17
    3.695728e+00      6.492217e-17
    3.705954e+00      6.490722e-17
    3.716208e+00      6.490722e-17
    3.725632e+00      6.490722e-17
    3.735941e+00      6.490722e-17
    3.746278e+00      6.492217e-17
    3.754914e+00      6.493712e-17
    3.765304e+00      6.495207e-17
    3.774853e+00      6.496703e-17
    3.785297e+00      6.498199e-17
    3.794897e+00      6.501192e-17
    3.805397e+00      6.504187e-17
    3.815048e+00      6.507183e-17
    3.824723e+00      6.510180e-17
    3.835306e+00      6.513179e-17
    3.844147e+00      6.519181e-17
    3.853896e+00      6.523686e-17
    3.863670e+00      6.528194e-17
    3.874360e+00      6.531201e-17
    3.884186e+00      6.534209e-17
    3.894036e+00      6.537219e-17
    3.903912e+00      6.538724e-17
    3.913812e+00      6.541736e-17
    3.923738e+00      6.544749e-17
    3.933689e+00      6.549272e-17
    3.943665e+00      6.552289e-17
    3.952756e+00      6.558326e-17
    3.962780e+00      6.561347e-17
    3.972830e+00      6.555307e-17
    3.982905e+00      6.549272e-17
    3.993006e+00      6.543243e-17
    4.000369e+00      6.540230e-17
    4.003133e+00      6.541736e-17
    4.005899e+00      6.543243e-17
    4.013285e+00      6.556816e-17
    4.022537e+00      6.577987e-17
    4.032738e+00      6.600746e-17
    4.042034e+00      6.625109e-17
    4.052285e+00      6.648031e-17
    4.061627e+00      6.677179e-17
    4.071927e+00      6.709544e-17
    4.082254e+00      6.742066e-17
    4.091664e+00      6.776306e-17
    4.102041e+00      6.810720e-17
    4.112444e+00      6.846885e-17
    4.121924e+00      6.881657e-17
    4.132378e+00      6.918199e-17
    4.141904e+00      6.953333e-17
    4.151452e+00      6.991865e-17
    4.161022e+00      6.991865e-17
    4.170614e+00      6.988646e-17
    4.181191e+00      6.987037e-17
    4.190830e+00      6.985428e-17
    4.201458e+00      6.983820e-17
    4.382279e+00      7.792791e-17
    4.792918e+00      1.384500e-16
    4.912471e+00      1.811728e-16
    4.955643e+00      1.962877e-16
    5.000345e+00      2.114429e-16
    5.001497e+00      2.118327e-16
    5.045451e+00      2.243329e-16
    5.090964e+00      2.372428e-16
    5.135704e+00      2.517057e-16
    5.179645e+00      2.679742e-16
    5.225165e+00      2.847036e-16
    5.243243e+00      2.911341e-16
    5.265020e+00      2.989462e-16
    5.266232e+00      2.990150e-16
    5.269871e+00      3.006720e-16
    5.273513e+00      3.023382e-16
    5.274727e+00      3.024078e-16
    5.301515e+00      3.115968e-16
    5.314960e+00      3.165870e-16
    5.350569e+00      3.296803e-16
    5.360435e+00      3.329607e-16
    5.401321e+00      3.501007e-16
    5.403809e+00      3.515548e-16
    5.448789e+00      3.707601e-16
    5.451299e+00      3.714437e-16
    5.494144e+00      3.904748e-16
    5.500473e+00      3.931815e-16
    5.538600e+00      4.102920e-16
    5.547534e+00      4.144699e-16
    5.550090e+00      4.154254e-16
    5.583416e+00      4.308172e-16
    5.600154e+00      4.383217e-16
    5.628595e+00      4.515367e-16
    5.649370e+00      4.620543e-16
    5.672833e+00      4.731437e-16
    5.695082e+00      4.838303e-16
    5.700330e+00      4.862874e-16
    5.705583e+00      4.887570e-16
    5.717419e+00      4.949861e-16
    5.734559e+00      5.032607e-16
    5.750426e+00      5.107319e-16
    5.753075e+00      5.122630e-16
    5.762355e+00      5.170029e-16
    5.782292e+00      5.263723e-16
    5.799626e+00      5.355414e-16
    5.807644e+00      5.395020e-16
    5.846554e+00      5.596197e-16
    5.850595e+00      5.610390e-16
    5.851942e+00      5.623323e-16
    5.869485e+00      5.718643e-16
    5.892506e+00      5.839733e-16
    5.896577e+00      5.858589e-16
    5.900652e+00      5.873447e-16
    5.940185e+00      6.091062e-16
    5.941553e+00      6.100888e-16
    5.948398e+00      6.140349e-16
    5.986872e+00      6.348820e-16
    5.988251e+00      6.353207e-16
    5.999292e+00      6.417901e-16
    6.014507e+00      6.507183e-16
    6.032537e+00      6.621296e-16
    6.049229e+00      6.732758e-16
    6.075751e+00      6.916606e-16
    6.079950e+00      6.943733e-16
    6.099581e+00      7.076085e-16
    6.105201e+00      7.115297e-16
    6.120685e+00      7.230911e-16
    6.126325e+00      7.270981e-16
    6.148936e+00      7.428361e-16
    6.165950e+00      7.540376e-16
    6.173053e+00      7.585654e-16
    6.198691e+00      7.740928e-16
    6.211550e+00      7.812554e-16
    6.214411e+00      7.837779e-16
    6.220138e+00      7.868519e-16
    6.221570e+00      7.879398e-16
    6.224436e+00      7.899380e-16
    6.248849e+00      8.044388e-16
    6.254607e+00      8.085242e-16
    6.267582e+00      8.154419e-16
    6.273357e+00      8.193945e-16
    6.297961e+00      8.336678e-16
    6.299412e+00      8.346281e-16
    6.312480e+00      8.417692e-16
    6.338697e+00      8.554468e-16
    6.344538e+00      8.588019e-16
    6.347460e+00      8.605835e-16
    6.360628e+00      8.669479e-16
    6.389987e+00      8.834725e-16
    6.397348e+00      8.881637e-16
    6.407668e+00      8.930855e-16
    6.434281e+00      9.088517e-16
    6.447628e+00      9.164168e-16
    6.453570e+00      9.195874e-16
    6.456542e+00      9.212829e-16
    6.478881e+00      9.362526e-16
    6.481865e+00      9.381948e-16
    6.498304e+00      9.484032e-16
    6.499800e+00      9.497144e-16
    6.523790e+00      9.655906e-16
    6.546362e+00      9.803768e-16
    6.547869e+00      9.812802e-16
    6.569011e+00      9.953894e-16
    6.573550e+00      9.981436e-16
    6.593257e+00      1.011563e-15
    6.597813e+00      1.014829e-15
    6.614545e+00      1.025872e-15
    6.640488e+00      1.043742e-15
    6.648138e+00      1.049284e-15
    6.658862e+00      1.057044e-15
    6.677286e+00      1.070516e-15
    6.686518e+00      1.075952e-15
    6.689598e+00      1.078433e-15
    6.697304e+00      1.083660e-15
    6.701932e+00      1.086658e-15
    6.703475e+00      1.087409e-15
    6.715835e+00      1.095703e-15
    6.732866e+00      1.106861e-15
    6.746834e+00      1.116074e-15
    6.748387e+00      1.116588e-15
    6.779536e+00      1.137609e-15
    6.793600e+00      1.146286e-15
    6.796730e+00      1.148929e-15
    6.807694e+00      1.155561e-15
    6.826530e+00      1.168404e-15
    6.837542e+00      1.176232e-15
    6.846995e+00      1.182478e-15
    6.862779e+00      1.192595e-15
    6.872267e+00      1.200033e-15
    6.883352e+00      1.206405e-15
    6.897632e+00      1.215886e-15
    6.919903e+00      1.231383e-15
    6.924685e+00      1.234221e-15
    6.926279e+00      1.236497e-15
    6.929470e+00      1.237636e-15
    6.947043e+00      1.250239e-15
    6.950243e+00      1.252256e-15
    6.966265e+00      1.263843e-15
    6.972684e+00      1.267923e-15
    6.996809e+00      1.285562e-15
    7.012938e+00      1.297158e-15
    7.017784e+00      1.300149e-15
    7.040443e+00      1.317325e-15
    7.046931e+00      1.321579e-15
    7.059924e+00      1.330739e-15
    7.061549e+00      1.332579e-15
    7.095778e+00      1.357979e-15
    7.097412e+00      1.358292e-15
    7.100681e+00      1.360796e-15
    7.105588e+00      1.362991e-15
    7.107224e+00      1.363305e-15
    7.121968e+00      1.368652e-15
    7.146609e+00      1.377504e-15
    7.151547e+00      1.379409e-15
    7.153194e+00      1.380044e-15
    7.158137e+00      1.382270e-15
    7.179596e+00      1.390250e-15
    7.182903e+00      1.391531e-15
    7.196147e+00      1.396346e-15
    7.199461e+00      1.397633e-15
    7.226034e+00      1.407321e-15
    7.241024e+00      1.413165e-15
    7.246028e+00      1.414793e-15
    7.264404e+00      1.421978e-15
    7.274447e+00      1.426241e-15
    7.286182e+00      1.430846e-15
    7.292896e+00      1.433815e-15
    7.296255e+00      1.434805e-15
    7.329933e+00      1.448415e-15
    7.331621e+00      1.448749e-15
    7.340067e+00      1.452423e-15
    7.346830e+00      1.454933e-15
    7.375645e+00      1.466537e-15
    7.385842e+00      1.470933e-15
    7.392648e+00      1.473306e-15
    7.394350e+00      1.474324e-15
    7.396053e+00      1.475343e-15
    7.416517e+00      1.483519e-15
    7.419933e+00      1.484886e-15
    7.430191e+00      1.490023e-15
    7.433614e+00      1.490881e-15
    7.440464e+00      1.494146e-15
    7.442177e+00      1.494834e-15
    7.445605e+00      1.496556e-15
    7.464488e+00      1.504849e-15
    7.479972e+00      1.511795e-15
    7.495489e+00      1.518774e-15
    7.500669e+00      1.520873e-15
    7.505852e+00      1.515280e-15
    7.509309e+00      1.509187e-15
    7.514498e+00      1.502772e-15
    7.526620e+00      1.487281e-15
    7.538761e+00      1.471950e-15
    7.545708e+00      1.461817e-15
    7.554400e+00      1.449750e-15
    7.571815e+00      1.425913e-15
    7.573559e+00      1.424928e-15
    7.589270e+00      1.402953e-15
    7.594514e+00      1.395060e-15
    7.598012e+00      1.390891e-15
    7.599762e+00      1.388651e-15
    7.606765e+00      1.378615e-15
    7.620790e+00      1.364875e-15
    7.627812e+00      1.357041e-15
    7.641876e+00      1.339655e-15
    7.643636e+00      1.337190e-15
    7.645396e+00      1.335959e-15
    7.650679e+00      1.329820e-15
    7.666550e+00      1.311877e-15
    7.680686e+00      1.295666e-15
    7.682455e+00      1.294175e-15
    7.689534e+00      1.285562e-15
    7.694847e+00      1.278477e-15
    7.712586e+00      1.257746e-15
    7.733926e+00      1.232801e-15
    7.744618e+00      1.220093e-15
    7.746401e+00      1.217848e-15
    7.758897e+00      1.201692e-15
    7.764259e+00      1.194519e-15
    7.778574e+00      1.178129e-15
    7.789328e+00      1.165180e-15
    7.794711e+00      1.157159e-15
    7.805487e+00      1.142597e-15
    7.823480e+00      1.120193e-15
    7.839710e+00      1.099874e-15
    7.845127e+00      1.094443e-15
    7.848741e+00      1.089665e-15
    7.850548e+00      1.088161e-15
    7.852356e+00      1.084658e-15
    7.859592e+00      1.075952e-15
    7.861402e+00      1.076200e-15
    7.868646e+00      1.068792e-15
    7.883154e+00      1.051945e-15
    7.894052e+00      1.041341e-15
    7.897688e+00      1.038946e-15
    7.899507e+00      1.035841e-15
    7.912250e+00      1.015063e-15
    7.932316e+00      9.837687e-16
    7.937797e+00      9.738521e-16
    7.943282e+00      9.640355e-16
    7.945112e+00      9.613754e-16
    7.954264e+00      9.484032e-16
    7.957928e+00      9.420914e-16
    7.978110e+00      9.086424e-16
    7.992819e+00      8.834725e-16
    7.994660e+00      8.806291e-16
    8.002027e+00      8.667483e-16
    8.005713e+00      8.623688e-16
    8.016781e+00      8.439040e-16
    8.022320e+00      8.327085e-16
    8.038962e+00      8.033282e-16
    8.044517e+00      7.950474e-16
    8.046370e+00      7.895743e-16
    8.057494e+00      7.708911e-16
    8.085372e+00      7.214280e-16
    8.092822e+00      7.105473e-16
    8.094686e+00      7.063875e-16
    8.098414e+00      6.974178e-16
    8.105877e+00      6.851616e-16
    8.113346e+00      6.723463e-16
    8.117083e+00      6.643440e-16
    8.133922e+00      6.375188e-16
    8.137669e+00      6.299311e-16
    8.143292e+00      6.175797e-16
    8.162064e+00      5.850500e-16
    8.178996e+00      5.539786e-16
    8.182764e+00      5.484576e-16
    8.190304e+00      5.340637e-16
    8.194076e+00      5.277072e-16
    8.209184e+00      4.996812e-16
    8.211075e+00      4.964700e-16
    8.222426e+00      4.859516e-16
    8.226214e+00      4.810531e-16
    8.243279e+00      4.621607e-16
    8.266088e+00      4.370117e-16
    8.271800e+00      4.316115e-16
    8.273704e+00      4.291835e-16
    8.294687e+00      4.068113e-16
    8.300419e+00      3.995701e-16
    8.315723e+00      3.846742e-16
    8.319553e+00      3.816744e-16
    8.329137e+00      3.719572e-16
    8.340652e+00      3.614873e-16
    8.342573e+00      3.608220e-16
    8.350260e+00      3.524464e-16
    8.352183e+00      3.509886e-16
    8.357954e+00      3.435524e-16
    8.361804e+00      3.406379e-16
    8.365656e+00      3.348058e-16
    8.369509e+00      3.300601e-16
    8.392667e+00      3.037337e-16
    8.406205e+00      2.895963e-16
    8.413951e+00      2.815095e-16
    8.433348e+00      2.568580e-16
    8.437232e+00      2.515898e-16
    8.441119e+00      2.471115e-16
    8.443062e+00      2.459195e-16
    8.446951e+00      2.423779e-16
    8.450842e+00      2.372974e-16
    8.458629e+00      2.269828e-16
    8.474225e+00      2.093115e-16
    8.493760e+00      1.866779e-16
    8.495716e+00      1.839895e-16
    8.505503e+00      1.711958e-16
    8.517262e+00      1.572509e-16
    8.525110e+00      1.465862e-16
    8.540828e+00      1.290901e-16
    8.542795e+00      1.255142e-16
    8.546730e+00      1.208351e-16
    8.552636e+00      1.133948e-16
    8.562488e+00      9.983734e-17
    8.578276e+00      8.087104e-17
    8.584203e+00      7.201833e-17
    8.592113e+00      6.205732e-17
    8.598051e+00      5.381372e-17
    8.600031e+00      5.145683e-17
    8.602011e+00      5.140354e-17
    8.609938e+00      4.898837e-17
    8.617871e+00      4.654714e-17
    8.619856e+00      4.653643e-17
    8.629785e+00      4.492551e-17
    8.643706e+00      4.293318e-17
    8.645697e+00      4.245150e-17
    8.655656e+00      4.105755e-17
    8.673612e+00      3.801833e-17
    8.679606e+00      3.710163e-17
    8.681605e+00      3.681231e-17
    8.685604e+00      3.642445e-17
    8.691605e+00      3.518382e-17
    8.693607e+00      3.494564e-17
    8.699614e+00      3.399328e-17
    8.719669e+00      3.330374e-17
    8.739770e+00      3.222501e-17
    8.741783e+00      3.204004e-17
    8.763952e+00      3.079591e-17
    8.767989e+00      3.053466e-17
    8.778089e+00      2.995663e-17
    8.786178e+00      2.949463e-17
    8.792249e+00      2.914023e-17
    8.796299e+00      2.884649e-17
    8.808460e+00      2.816391e-17
    8.818607e+00      2.757992e-17
    8.832833e+00      2.681594e-17
    8.843008e+00      2.624176e-17
    8.851156e+00      2.566806e-17
    8.853194e+00      2.555601e-17
    8.861352e+00      2.508378e-17
    8.871560e+00      2.454669e-17
    8.879735e+00      2.409312e-17
    8.889964e+00      2.345271e-17
    8.892011e+00      2.333958e-17
    8.898156e+00      2.298228e-17
    8.914562e+00      2.204921e-17
    8.926886e+00      2.136943e-17
    8.935112e+00      2.098906e-17
    8.941286e+00      2.073925e-17
    8.943345e+00      2.069155e-17
    8.945405e+00      2.059174e-17
    8.972222e+00      1.960618e-17
    8.980489e+00      1.931937e-17
    8.988764e+00      1.917313e-17
    8.992905e+00      1.910262e-17
    8.994976e+00      1.906308e-17
    9.019864e+00      1.862057e-17
    9.030255e+00      1.842439e-17
    9.032334e+00      1.837778e-17
    9.042739e+00      1.820929e-17
    9.051072e+00      1.802989e-17
    9.065672e+00      1.778251e-17
    9.078205e+00      1.757086e-17
    9.088663e+00      1.739374e-17
    9.092849e+00      1.732180e-17
    9.097038e+00      1.721444e-17
    9.099133e+00      1.718276e-17
    9.101228e+00      1.714719e-17
    9.111712e+00      1.697825e-17
    9.113811e+00      1.694701e-17
    9.122209e+00      1.681098e-17
    9.141132e+00      1.653077e-17
    9.149556e+00      1.647377e-17
    9.157987e+00      1.640563e-17
    9.166425e+00      1.634907e-17
    9.185441e+00      1.621784e-17
    9.191788e+00      1.618427e-17
    9.196022e+00      1.614704e-17
    9.198140e+00      1.613589e-17
    9.202377e+00      1.610620e-17
    9.206615e+00      1.608026e-17
    9.212977e+00      1.603958e-17
    9.240596e+00      1.583773e-17
    9.251241e+00      1.576497e-17
    9.257634e+00      1.572871e-17
    9.266164e+00      1.566726e-17
    9.270433e+00      1.564203e-17
    9.281112e+00      1.555941e-17
    9.285387e+00      1.553077e-17
    9.291803e+00      1.549862e-17
    9.298224e+00      1.544163e-17
    9.302507e+00      1.542386e-17
    9.304649e+00      1.540256e-17
    9.306792e+00      1.539547e-17
    9.341143e+00      1.515629e-17
    9.345445e+00      1.512144e-17
    9.354057e+00      1.507971e-17
    9.366989e+00      1.501734e-17
    9.382099e+00      1.493802e-17
    9.390744e+00      1.490023e-17
    9.392907e+00      1.489680e-17
    9.410225e+00      1.481129e-17
    9.412392e+00      1.479766e-17
    9.436262e+00      1.468564e-17
    9.438435e+00      1.467888e-17
    9.440609e+00      1.467044e-17
    9.449308e+00      1.463164e-17
    9.486369e+00      1.446748e-17
    9.490738e+00      1.445084e-17
    9.499484e+00      1.440765e-17
    9.514807e+00      1.434475e-17
    9.519190e+00      1.431835e-17
    9.521382e+00      1.431176e-17
    9.532350e+00      1.426241e-17
    9.538937e+00      1.422961e-17
    9.578555e+00      1.409266e-17
    9.589589e+00      1.409266e-17
    9.605058e+00      1.409266e-17
    9.616123e+00      1.409591e-17
    9.618337e+00      1.409591e-17
    9.624984e+00      1.409591e-17
    9.629417e+00      1.409591e-17
    9.640510e+00      1.409591e-17
    9.671637e+00      1.409915e-17
    9.687239e+00      1.410240e-17
    9.689469e+00      1.410240e-17
    9.700631e+00      1.410240e-17
    9.718517e+00      1.410240e-17
    9.722994e+00      1.410240e-17
    9.734194e+00      1.410565e-17
    9.738678e+00      1.410565e-17
    9.740921e+00      1.410565e-17
    9.752142e+00      1.410890e-17
    9.765624e+00      1.410890e-17
    9.770122e+00      1.410890e-17
    9.785883e+00      1.411214e-17
    9.790390e+00      1.411214e-17
    9.812959e+00      1.412515e-17
    9.822002e+00      1.413491e-17
    9.826526e+00      1.413816e-17
    9.840111e+00      1.414793e-17
    9.846911e+00      1.415445e-17
    9.851446e+00      1.415771e-17
    9.855984e+00      1.416097e-17
    9.858254e+00      1.416423e-17
    9.869610e+00      1.417076e-17
    9.890084e+00      1.419035e-17
    9.899198e+00      1.419688e-17
    9.906038e+00      1.421651e-17
    9.928874e+00      1.430517e-17
    9.938023e+00      1.433485e-17
    9.951762e+00      1.438113e-17
    9.954054e+00      1.438941e-17
    9.967816e+00      1.444086e-17
    9.986194e+00      1.451086e-17
    9.988494e+00      1.451754e-17
    1.000000e+01      1.455101e-17
    1.002074e+01      1.463501e-17
    1.002998e+01      1.466537e-17
    1.003922e+01      1.465356e-17
    1.005079e+01      1.465187e-17
    1.006005e+01      1.467550e-17
    1.009021e+01      1.468226e-17
    1.011114e+01      1.468564e-17
    1.012045e+01      1.470595e-17
    1.013911e+01      1.471272e-17
    1.016951e+01      1.473985e-17
    1.019061e+01      1.474437e-17
    1.020000e+01      1.476703e-17
    1.020939e+01      1.475003e-17
    1.022116e+01      1.477723e-17
    1.023057e+01      1.478744e-17
    1.024000e+01      1.479085e-17
    1.024944e+01      1.480448e-17
    1.027070e+01      1.487623e-17
    1.028016e+01      1.493630e-17
    1.028964e+01      1.500697e-17
    1.029912e+01      1.507971e-17
    1.031098e+01      1.713535e-17
    1.032048e+01      2.146313e-17
    1.032999e+01      2.343651e-17
    1.034904e+01      3.047144e-17
    1.036096e+01      3.432757e-17
    1.037051e+01      3.919160e-17
    1.038963e+01      4.437037e-17
    1.041118e+01      5.302651e-17
    1.042077e+01      5.497852e-17
    1.043999e+01      6.170112e-17
    1.044961e+01      6.661822e-17
    1.045924e+01      6.829565e-17
    1.046887e+01      7.140737e-17
    1.050026e+01      8.199607e-17
    1.051962e+01      9.108419e-17
    1.053901e+01      9.806026e-17
    1.055115e+01      1.027408e-16
    1.057061e+01      1.098229e-16
    1.059986e+01      1.213090e-16
    1.060962e+01      1.223751e-16
    1.061940e+01      1.288229e-16
    1.062919e+01      1.297457e-16
    1.066105e+01      1.416097e-16
    1.067087e+01      1.460303e-16
    1.068071e+01      1.475683e-16
    1.069055e+01      1.491167e-16
    1.070040e+01      1.520348e-16
    1.071026e+01      1.559168e-16
    1.073001e+01      1.626271e-16
    1.073989e+01      1.646998e-16
    1.075970e+01      1.731781e-16
    1.076961e+01      1.775796e-16
    1.078947e+01      1.835346e-16
    1.081932e+01      1.961973e-16
    1.083927e+01      2.040295e-16
    1.085925e+01      2.111509e-16
    1.086926e+01      2.147796e-16
    1.087928e+01      2.189490e-16
    1.088930e+01      2.253684e-16
    1.089933e+01      2.298757e-16
    1.090938e+01      2.326446e-16
    1.091943e+01      2.369698e-16
    1.092949e+01      2.402111e-16
    1.093956e+01      2.450716e-16
    1.094964e+01      2.477953e-16
    1.095973e+01      2.531588e-16
    1.096983e+01      2.567988e-16
    1.099006e+01      2.670503e-16
    1.100019e+01      2.699560e-16
    1.102047e+01      2.819636e-16
    1.103062e+01      2.856229e-16
    1.104079e+01      2.923432e-16
    1.105096e+01      2.975727e-16
    1.106114e+01      3.032446e-16
    1.106879e+01      3.105940e-16
    1.109941e+01      3.251944e-16
    1.110964e+01      3.320802e-16
    1.113012e+01      3.470108e-16
    1.114038e+01      3.543994e-16
    1.115065e+01      3.608220e-16
    1.116092e+01      3.693684e-16
    1.117892e+01      3.842758e-16
    1.118922e+01      3.929099e-16
    1.119954e+01      3.974596e-16
    1.120986e+01      4.085950e-16
    1.123052e+01      4.232462e-16
    1.124087e+01      4.307180e-16
    1.125123e+01      4.388267e-16
    1.125900e+01      4.431421e-16
    1.126938e+01      4.457517e-16
    1.127976e+01      4.499280e-16
    1.130056e+01      4.563447e-16
    1.131879e+01      4.644365e-16
    1.132922e+01      4.690218e-16
    1.133966e+01      4.727081e-16
    1.136057e+01      4.842761e-16
    1.137104e+01      4.904481e-16
    1.137889e+01      4.938477e-16
    1.138938e+01      4.976145e-16
    1.139987e+01      5.033766e-16
    1.142089e+01      5.153390e-16
    1.142878e+01      5.202871e-16
    1.143931e+01      5.274642e-16
    1.144986e+01      5.312428e-16
    1.146041e+01      5.391294e-16
    1.147097e+01      5.409947e-16
    1.147889e+01      5.482682e-16
    1.148947e+01      5.532775e-16
    1.150006e+01      5.583326e-16
    1.151065e+01      5.650580e-16
    1.152922e+01      5.766687e-16
    1.155048e+01      5.877505e-16
    1.156112e+01      5.955154e-16
    1.156911e+01      6.003341e-16
    1.157977e+01      6.081252e-16
    1.159044e+01      6.148366e-16
    1.160112e+01      6.228637e-16
    1.160914e+01      6.278314e-16
    1.161984e+01      6.367853e-16
    1.163054e+01      6.439365e-16
    1.164126e+01      6.496703e-16
    1.167078e+01      6.681793e-16
    1.168961e+01      6.842472e-16
    1.170038e+01      6.901493e-16
    1.171925e+01      7.038169e-16
    1.174086e+01      7.146494e-16
    1.174898e+01      7.240074e-16
    1.177064e+01      7.404454e-16
    1.177877e+01      7.497958e-16
    1.180049e+01      7.672785e-16
    1.181952e+01      7.883027e-16
    1.184132e+01      8.017575e-16
    1.184950e+01      8.152542e-16
    1.186042e+01      8.185145e-16
    1.187135e+01      8.309847e-16
    1.187955e+01      8.413816e-16
    1.189871e+01      8.595933e-16
    1.190968e+01      8.637599e-16
    1.193988e+01      8.939084e-16
    1.195914e+01      9.120487e-16
    1.197016e+01      9.208588e-16
    1.198119e+01      9.300216e-16
    1.198947e+01      9.420914e-16
    1.200052e+01      9.559673e-16
    1.200881e+01      9.653683e-16
    1.201988e+01      9.704944e-16
    1.203095e+01      9.830894e-16
    1.203927e+01      9.942441e-16
    1.205036e+01      1.007611e-15
    1.205869e+01      1.012262e-15
    1.206980e+01      1.027408e-15
    1.208092e+01      1.033696e-15
    1.208927e+01      1.048077e-15
    1.210877e+01      1.069448e-15
    1.211993e+01      1.081666e-15
    1.213948e+01      1.098735e-15
    1.215066e+01      1.107626e-15
    1.217026e+01      1.135777e-15
    1.217867e+01      1.138919e-15
    1.218990e+01      1.157159e-15
    1.220956e+01      1.173257e-15
    1.222081e+01      1.186842e-15
    1.222925e+01      1.196170e-15
    1.224052e+01      1.207099e-15
    1.226027e+01      1.229966e-15
    1.226874e+01      1.245355e-15
    1.228005e+01      1.252688e-15
    1.229986e+01      1.277889e-15
    1.231119e+01      1.284822e-15
    1.231970e+01      1.299700e-15
    1.233105e+01      1.305248e-15
    1.233957e+01      1.317527e-15
    1.235094e+01      1.335036e-15
    1.235947e+01      1.342898e-15
    1.237941e+01      1.361423e-15
    1.239082e+01      1.378033e-15
    1.239938e+01      1.390571e-15
    1.241081e+01      1.400210e-15
    1.241938e+01      1.410565e-15
    1.243083e+01      1.421651e-15
    1.243942e+01      1.439217e-15
    1.245088e+01      1.444252e-15
    1.247096e+01      1.474324e-15
    1.247958e+01      1.485399e-15
    1.249108e+01      1.494834e-15
    1.249971e+01      1.504849e-15
    1.251123e+01      1.520873e-15
    1.253141e+01      1.544607e-15
    1.254007e+01      1.559408e-15
    1.254874e+01      1.571785e-15
    1.256030e+01      1.579221e-15
    1.256898e+01      1.591450e-15
    1.258056e+01      1.605066e-15
    1.260085e+01      1.633214e-15
    1.260956e+01      1.645292e-15
    1.262118e+01      1.658796e-15
    1.262990e+01      1.674145e-15
    1.263863e+01      1.684198e-15
    1.265028e+01      1.691192e-15
    1.265902e+01      1.701347e-15
    1.267068e+01      1.711169e-15
    1.267944e+01      1.718276e-15
    1.269112e+01      1.730320e-15
    1.269989e+01      1.742180e-15
    1.270867e+01      1.756884e-15
    1.272038e+01      1.769673e-15
    1.272917e+01      1.778660e-15
    1.274090e+01      1.786870e-15
    1.274970e+01      1.798221e-15
    1.276145e+01      1.811728e-15
    1.277027e+01      1.821348e-15
    1.277909e+01      1.830704e-15
    1.279087e+01      1.842863e-15
    1.279971e+01      1.852648e-15
    1.280855e+01      1.864310e-15
    1.282035e+01      1.871945e-15
    1.284103e+01      1.899298e-15
    1.284991e+01      1.908650e-15
    1.285879e+01      1.922175e-15
    1.287064e+01      1.930159e-15
    1.287953e+01      1.940631e-15
    1.289140e+01      1.952809e-15
    1.290031e+01      1.960167e-15
    1.290922e+01      1.978760e-15
    1.292112e+01      1.988351e-15
    1.293004e+01      2.000751e-15
    1.293898e+01      2.007673e-15
    1.295090e+01      2.017869e-15
    1.295985e+01      2.032792e-15
    1.298076e+01      2.053374e-15
    1.298973e+01      2.063921e-15
    1.301068e+01      2.092633e-15
    1.301967e+01      2.102050e-15
    1.302867e+01      2.114672e-15
    1.304968e+01      2.139241e-15
    1.305870e+01      2.150518e-15
    1.307073e+01      2.161688e-15
    1.307977e+01      2.175002e-15
    1.308881e+01      2.191256e-15
    1.310087e+01      2.200863e-15
    1.310992e+01      2.214588e-15
    1.311898e+01      2.220205e-15
    1.313107e+01      2.234565e-15
    1.314014e+01      2.248760e-15
    1.314922e+01      2.261308e-15
    1.317953e+01      2.300875e-15
    1.318864e+01      2.309367e-15
    1.320079e+01      2.323413e-15
    1.320991e+01      2.335033e-15
    1.321904e+01      2.344731e-15
    1.323122e+01      2.358086e-15
    1.324037e+01      2.374614e-15
    1.324952e+01      2.383379e-15
    1.325867e+01      2.395483e-15
    1.327089e+01      2.407648e-15
    1.328006e+01      2.424337e-15
    1.328924e+01      2.431045e-15
    1.330148e+01      2.445643e-15
    1.331067e+01      2.461650e-15
    1.331987e+01      2.475672e-15
    1.334136e+01      2.499154e-15
    1.335058e+01      2.513003e-15
    1.335980e+01      2.529646e-15
    1.339060e+01      2.564443e-15
    1.339985e+01      2.578060e-15
    1.340911e+01      2.597126e-15
    1.342147e+01      2.603513e-15
    1.343074e+01      2.621157e-15
    1.344931e+01      2.646019e-15
    1.345860e+01      2.655786e-15
    1.347101e+01      2.672810e-15
    1.348031e+01      2.682675e-15
    1.348963e+01      2.693558e-15
    1.351139e+01      2.712021e-15
    1.352073e+01      2.721404e-15
    1.353007e+01      2.729877e-15
    1.354877e+01      2.748799e-15
    1.356126e+01      2.757357e-15
    1.357063e+01      2.765942e-15
    1.358939e+01      2.783512e-15
    1.359878e+01      2.791642e-15
    1.361131e+01      2.803129e-15
    1.362072e+01      2.810561e-15
    1.363955e+01      2.828089e-15
    1.364897e+01      2.837220e-15
    1.366155e+01      2.846053e-15
    1.367099e+01      2.858203e-15
    1.368044e+01      2.866111e-15
    1.368989e+01      2.874041e-15
    1.369935e+01      2.883985e-15
    1.370882e+01      2.895296e-15
    1.372145e+01      2.903976e-15
    1.373093e+01      2.910670e-15
    1.374042e+01      2.923096e-15
    1.374991e+01      2.929497e-15
    1.375942e+01      2.939294e-15
    1.377844e+01      2.957624e-15
    1.379113e+01      2.968199e-15
    1.380066e+01      2.978469e-15
    1.381020e+01      2.988086e-15
    1.381974e+01      2.998424e-15
    1.382929e+01      3.006374e-15
    1.383885e+01      3.014693e-15
    1.384841e+01      3.025471e-15
    1.386117e+01      3.032446e-15
    1.387075e+01      3.041536e-15
    1.388034e+01      3.054169e-15
    1.388993e+01      3.061914e-15
    1.389953e+01      3.071801e-15
    1.391874e+01      3.093806e-15
    1.393157e+01      3.099510e-15
    1.394119e+01      3.110234e-15
    1.395083e+01      3.120516e-15
    1.396047e+01      3.131432e-15
    1.397012e+01      3.140458e-15
    1.397977e+01      3.152775e-15
    1.398943e+01      3.161499e-15
    1.400877e+01      3.182436e-15
    1.401845e+01      3.190752e-15
    1.403137e+01      3.201423e-15
    1.404106e+01      3.213609e-15
    1.405077e+01      3.221759e-15
    1.406048e+01      3.231417e-15
    1.407019e+01      3.240358e-15
    1.407991e+01      3.250072e-15
    1.408964e+01      3.263821e-15
    1.409938e+01      3.272098e-15
    1.411887e+01      3.279390e-15
    1.412863e+01      3.282034e-15
    1.413839e+01      3.285436e-15
    1.415142e+01      3.288274e-15
    1.416120e+01      3.291494e-15
    1.417098e+01      3.293768e-15
    1.418078e+01      3.297562e-15
    1.419058e+01      3.295285e-15
    1.420038e+01      3.294779e-15
    1.421019e+01      3.294527e-15
    1.422001e+01      3.295285e-15
    1.422984e+01      3.291241e-15
    1.425936e+01      3.287454e-15
    1.427907e+01      3.282411e-15
    1.428894e+01      3.283545e-15
    1.429881e+01      3.281845e-15
    1.430869e+01      3.277880e-15
    1.431858e+01      3.277502e-15
    1.433838e+01      3.272978e-15
    1.436151e+01      3.267330e-15
    1.437143e+01      3.269964e-15
    1.438136e+01      3.266578e-15
    1.439130e+01      3.262819e-15
    1.440124e+01      3.262068e-15
    1.441120e+01      3.260566e-15
    1.442115e+01      3.260116e-15
    1.443112e+01      3.260566e-15
    1.445107e+01      3.253816e-15
    1.446106e+01      3.253067e-15
    1.447105e+01      3.250072e-15
    1.448105e+01      3.252318e-15
    1.449105e+01      3.249324e-15
    1.450107e+01      3.242846e-15
    1.451109e+01      3.245585e-15
    1.452112e+01      3.238121e-15
    1.453115e+01      3.236630e-15
    1.454119e+01      3.234395e-15
    1.455124e+01      3.235885e-15
    1.456129e+01      3.235140e-15
    1.457136e+01      3.231417e-15
    1.458143e+01      3.231417e-15
    1.459150e+01      3.228071e-15
    1.461167e+01      3.224480e-15
    1.461841e+01      3.223243e-15
    1.462851e+01      3.219781e-15
    1.464873e+01      3.215089e-15
    1.465885e+01      3.215089e-15
    1.466898e+01      3.212869e-15
    1.467912e+01      3.207695e-15
    1.468926e+01      3.208064e-15
    1.469941e+01      3.205480e-15
    1.470957e+01      3.202160e-15
    1.471974e+01      3.201791e-15
    1.474009e+01      3.199089e-15
    1.475027e+01      3.194427e-15
    1.477066e+01      3.190384e-15
    1.479108e+01      3.187080e-15
    1.481153e+01      3.182680e-15
    1.481836e+01      3.179201e-15
    1.482859e+01      3.178530e-15
    1.484910e+01      3.177555e-15
    1.485936e+01      3.168787e-15
    1.486962e+01      3.168422e-15
    1.487990e+01      3.169517e-15
    1.489018e+01      3.165141e-15
    1.490047e+01      3.162591e-15
    1.491077e+01      3.162955e-15
    1.492107e+01      3.157498e-15
    1.494170e+01      3.155680e-15
    1.494858e+01      3.149148e-15
    1.495891e+01      3.148966e-15
    1.498994e+01      3.141905e-15
    1.500030e+01      3.138290e-15
    1.501067e+01      3.139012e-15
    1.503142e+01      3.133235e-15
    1.503834e+01      3.128189e-15
    1.504874e+01      3.128189e-15
    1.505913e+01      3.123870e-15
    1.506954e+01      3.118121e-15
    1.507995e+01      3.118480e-15
    1.509037e+01      3.114534e-15
    1.510080e+01      3.113458e-15
    1.511124e+01      3.109518e-15
    1.512168e+01      3.107370e-15
    1.512864e+01      3.105940e-15
    1.513910e+01      3.104748e-15
    1.514956e+01      3.098796e-15
    1.516003e+01      3.096300e-15
    1.517050e+01      3.097370e-15
    1.519847e+01      3.083848e-15
    1.520898e+01      3.086690e-15
    1.521949e+01      3.081719e-15
    1.523000e+01      3.077641e-15
    1.524053e+01      3.075693e-15
    1.525106e+01      3.072154e-15
    1.526160e+01      3.067913e-15
    1.526863e+01      3.065794e-15
    1.528974e+01      3.061914e-15
    1.532145e+01      3.053466e-15
    1.532851e+01      3.050303e-15
    1.533910e+01      3.044806e-15
    1.534970e+01      3.040836e-15
    1.536031e+01      3.039086e-15
    1.537092e+01      3.037804e-15
    1.538155e+01      3.034308e-15
    1.539927e+01      3.025471e-15
    1.540991e+01      3.024078e-15
    1.542055e+01      3.018513e-15
    1.543121e+01      3.015387e-15
    1.543832e+01      3.011570e-15
    1.544899e+01      3.008105e-15
    1.547035e+01      3.002569e-15
    1.548104e+01      3.001878e-15
    1.549173e+01      2.994974e-15
    1.549887e+01      2.992044e-15
    1.552030e+01      2.985335e-15
    1.554175e+01      2.980298e-15
    1.554891e+01      2.977097e-15
    1.558117e+01      2.964101e-15
    1.558834e+01      2.959839e-15
    1.560990e+01      2.953201e-15
    1.562068e+01      2.949803e-15
    1.563148e+01      2.943019e-15
    1.563868e+01      2.943696e-15
    1.564948e+01      2.936926e-15
    1.566030e+01      2.933885e-15
    1.567112e+01      2.930846e-15
    1.567834e+01      2.925452e-15
    1.568917e+01      2.919396e-15
    1.570001e+01      2.917380e-15
    1.573983e+01      2.901637e-15
    1.575071e+01      2.898632e-15
    1.576885e+01      2.890855e-15
    1.577975e+01      2.883985e-15
    1.579065e+01      2.885314e-15
    1.580156e+01      2.877683e-15
    1.581976e+01      2.869193e-15
    1.583070e+01      2.867761e-15
    1.585988e+01      2.853928e-15
    1.587084e+01      2.853600e-15
    1.588181e+01      2.849660e-15
    1.588913e+01      2.842451e-15
    1.590011e+01      2.838527e-15
    1.591109e+01      2.836306e-15
    1.592942e+01      2.826787e-15
    1.594043e+01      2.825485e-15
    1.595144e+01      2.820935e-15
    1.595879e+01      2.815095e-15
    1.598085e+01      2.810561e-15
    1.598822e+01      2.806035e-15
    1.599926e+01      2.804743e-15
    1.602138e+01      2.795716e-15
    1.602876e+01      2.790571e-15
    1.603984e+01      2.786718e-15
    1.605092e+01      2.783191e-15
    1.605832e+01      2.779882e-15
    1.606941e+01      2.776683e-15
    1.608052e+01      2.770085e-15
    1.609904e+01      2.759898e-15
    1.611017e+01      2.756722e-15
    1.612872e+01      2.751332e-15
    1.613987e+01      2.747534e-15
    1.615102e+01      2.740268e-15
    1.615846e+01      2.738376e-15
    1.616963e+01      2.735225e-15
    1.618080e+01      2.733965e-15
    1.619944e+01      2.725480e-15
    1.621063e+01      2.718899e-15
    1.622184e+01      2.714312e-15
    1.622931e+01      2.710148e-15
    1.624052e+01      2.709212e-15
    1.625175e+01      2.702670e-15
    1.628171e+01      2.691905e-15
    1.628921e+01      2.685301e-15
    1.630047e+01      2.683756e-15
    1.631173e+01      2.677892e-15
    1.631924e+01      2.674195e-15
    1.633052e+01      2.666202e-15
    1.634180e+01      2.661295e-15
    1.636063e+01      2.654563e-15
    1.637948e+01      2.647543e-15
    1.639079e+01      2.639326e-15
    1.639834e+01      2.635075e-15
    1.640968e+01      2.634873e-15
    1.643993e+01      2.618342e-15
    1.645129e+01      2.617940e-15
    1.645887e+01      2.616735e-15
    1.648162e+01      2.607312e-15
    1.648922e+01      2.609114e-15
    1.650061e+01      2.605512e-15
    1.650821e+01      2.601315e-15
    1.651962e+01      2.592943e-15
    1.653103e+01      2.593540e-15
    1.653865e+01      2.591749e-15
    1.656151e+01      2.583706e-15
    1.656914e+01      2.582219e-15
    1.658059e+01      2.574896e-15
    1.658823e+01      2.573315e-15
    1.659969e+01      2.570354e-15
    1.661881e+01      2.560902e-15
    1.664179e+01      2.552660e-15
    1.666863e+01      2.541810e-15
    1.668015e+01      2.539177e-15
    1.669168e+01      2.533921e-15
    1.669937e+01      2.534504e-15
    1.671091e+01      2.526929e-15
    1.671860e+01      2.526929e-15
    1.673016e+01      2.521117e-15
    1.674172e+01      2.517636e-15
    1.676100e+01      2.507656e-15
    1.676872e+01      2.503762e-15
    1.678031e+01      2.503185e-15
    1.679964e+01      2.496853e-15
    1.681899e+01      2.485381e-15
    1.685000e+01      2.480465e-15
    1.686165e+01      2.479665e-15
    1.688107e+01      2.475387e-15
    1.690052e+01      2.472823e-15
    1.690830e+01      2.470546e-15
    1.693168e+01      2.465432e-15
    1.693948e+01      2.466568e-15
    1.695118e+01      2.464297e-15
    1.695899e+01      2.463729e-15
    1.697071e+01      2.461461e-15
    1.697853e+01      2.457497e-15
    1.699026e+01      2.455989e-15
    1.699809e+01      2.455800e-15
    1.700983e+01      2.452786e-15
    1.702943e+01      2.451563e-15
    1.704119e+01      2.449024e-15
    1.706082e+01      2.444517e-15
    1.706868e+01      2.444517e-15
    1.708048e+01      2.441142e-15
    1.708834e+01      2.440018e-15
    1.710015e+01      2.438895e-15
    1.711197e+01      2.437397e-15
    1.711985e+01      2.437397e-15
    1.713168e+01      2.435247e-15
    1.713957e+01      2.432725e-15
    1.717117e+01      2.427968e-15
    1.719887e+01      2.422663e-15
    1.721076e+01      2.421176e-15
    1.721869e+01      2.419318e-15
    1.723058e+01      2.418204e-15
    1.725043e+01      2.413013e-15
    1.725838e+01      2.413754e-15
    1.727030e+01      2.410422e-15
    1.729020e+01      2.405432e-15
    1.729816e+01      2.405986e-15
    1.731012e+01      2.402111e-15
    1.731809e+01      2.402387e-15
    1.733006e+01      2.399347e-15
    1.733804e+01      2.396034e-15
    1.737001e+01      2.390524e-15
    1.737801e+01      2.389973e-15
    1.739002e+01      2.389423e-15
    1.739803e+01      2.387223e-15
    1.741005e+01      2.386674e-15
    1.743010e+01      2.385941e-15
    1.743813e+01      2.382830e-15
    1.745822e+01      2.381184e-15
    1.747029e+01      2.380636e-15
    1.747833e+01      2.380088e-15
    1.749041e+01      2.378810e-15
    1.749847e+01      2.377897e-15
    1.751056e+01      2.376255e-15
    1.751862e+01      2.374979e-15
    1.753073e+01      2.373521e-15
    1.753881e+01      2.372428e-15
    1.755901e+01      2.371336e-15
    1.757114e+01      2.370790e-15
    1.757924e+01      2.368062e-15
    1.759138e+01      2.366427e-15
    1.759949e+01      2.366971e-15
    1.764006e+01      2.363159e-15
    1.764818e+01      2.362071e-15
    1.766038e+01      2.362180e-15
    1.766851e+01      2.357724e-15
    1.768887e+01      2.358267e-15
    1.770109e+01      2.357724e-15
    1.772148e+01      2.355554e-15
    1.772964e+01      2.353927e-15
    1.774189e+01      2.352302e-15
    1.775007e+01      2.350136e-15
    1.777051e+01      2.348513e-15
    1.779099e+01      2.345271e-15
    1.779918e+01      2.345811e-15
    1.781148e+01      2.343651e-15
    1.783200e+01      2.341494e-15
    1.784021e+01      2.338261e-15
    1.786076e+01      2.337902e-15
    1.786899e+01      2.339338e-15
    1.788134e+01      2.342033e-15
    1.788957e+01      2.344731e-15
    1.790194e+01      2.347432e-15
    1.791018e+01      2.348513e-15
    1.791843e+01      2.351219e-15
    1.793081e+01      2.353927e-15
    1.793907e+01      2.355011e-15
    1.795147e+01      2.357724e-15
    1.796801e+01      2.362071e-15
    1.800114e+01      2.368607e-15
    1.800943e+01      2.370790e-15
    1.803848e+01      2.377349e-15
    1.805095e+01      2.379357e-15
    1.805926e+01      2.381733e-15
    1.808007e+01      2.386124e-15
    1.808839e+01      2.388323e-15
    1.810089e+01      2.390524e-15
    1.812174e+01      2.394931e-15
    1.813009e+01      2.397138e-15
    1.815098e+01      2.401558e-15
    1.815934e+01      2.403771e-15
    1.818026e+01      2.408203e-15
    1.818863e+01      2.410422e-15
    1.820120e+01      2.412087e-15
    1.820958e+01      2.414310e-15
    1.821797e+01      2.417091e-15
    1.823056e+01      2.418761e-15
    1.825997e+01      2.425454e-15
    1.826838e+01      2.427689e-15
    1.828100e+01      2.429366e-15
    1.828942e+01      2.431605e-15
    1.830206e+01      2.434406e-15
    1.831049e+01      2.436649e-15
    1.831893e+01      2.438333e-15
    1.833158e+01      2.441142e-15
    1.834848e+01      2.445080e-15
    1.836116e+01      2.447896e-15
    1.836961e+01      2.450152e-15
    1.839924e+01      2.456366e-15
    1.841196e+01      2.458629e-15
    1.842044e+01      2.461461e-15
    1.844166e+01      2.466568e-15
    1.845015e+01      2.469409e-15
    1.845865e+01      2.471115e-15
    1.847141e+01      2.473392e-15
    1.848843e+01      2.479094e-15
    1.850973e+01      2.484237e-15
    1.851825e+01      2.487099e-15
    1.853958e+01      2.491111e-15
    1.856949e+01      2.499154e-15
    1.857804e+01      2.501457e-15
    1.859945e+01      2.506069e-15
    1.862087e+01      2.511268e-15
    1.862945e+01      2.513582e-15
    1.863803e+01      2.516477e-15
    1.865950e+01      2.521698e-15
    1.866809e+01      2.523440e-15
    1.868099e+01      2.525765e-15
    1.869821e+01      2.531588e-15
    1.871113e+01      2.533921e-15
    1.871975e+01      2.536840e-15
    1.872837e+01      2.538593e-15
    1.874131e+01      2.540932e-15
    1.874995e+01      2.543859e-15
    1.875858e+01      2.546203e-15
    1.878019e+01      2.551485e-15
    1.880182e+01      2.556189e-15
    1.881049e+01      2.558545e-15
    1.883215e+01      2.563852e-15
    1.884083e+01      2.566806e-15
    1.884951e+01      2.569763e-15
    1.887122e+01      2.574303e-15
    1.888861e+01      2.585789e-15
    1.891908e+01      2.606112e-15
    1.893215e+01      2.610917e-15
    1.894087e+01      2.618744e-15
    1.897143e+01      2.636896e-15
    1.898017e+01      2.644497e-15
    1.898891e+01      2.651508e-15
    1.900203e+01      2.658233e-15
    1.901078e+01      2.664361e-15
    1.902830e+01      2.679742e-15
    1.904145e+01      2.685301e-15
    1.907217e+01      2.703915e-15
    1.908095e+01      2.711396e-15
    1.908974e+01      2.717021e-15
    1.909853e+01      2.724121e-15
    1.911173e+01      2.732707e-15
    1.912934e+01      2.743425e-15
    1.913815e+01      2.752916e-15
    1.915138e+01      2.757992e-15
    1.916020e+01      2.765305e-15
    1.919995e+01      2.793785e-15
    1.920879e+01      2.802161e-15
    1.922206e+01      2.806035e-15
    1.923092e+01      2.814447e-15
    1.923978e+01      2.820935e-15
    1.924864e+01      2.827004e-15
    1.926194e+01      2.833303e-15
    1.927081e+01      2.843106e-15
    1.927969e+01      2.847692e-15
    1.930190e+01      2.863473e-15
    1.931079e+01      2.868092e-15
    1.931968e+01      2.876690e-15
    1.932858e+01      2.884649e-15
    1.935976e+01      2.903976e-15
    1.936868e+01      2.913352e-15
    1.938206e+01      2.918724e-15
    1.939099e+01      2.925789e-15
    1.939992e+01      2.932871e-15
    1.940886e+01      2.940084e-15
    1.941780e+01      2.949124e-15
    1.944017e+01      2.962736e-15
    1.945808e+01      2.975727e-15
    1.948050e+01      2.989462e-15
    1.948947e+01      2.996353e-15
    1.949845e+01      3.006028e-15
    1.951192e+01      3.012611e-15
    1.952990e+01      3.026865e-15
    1.953890e+01      3.035240e-15
    1.954790e+01      3.040136e-15
    1.956140e+01      3.048314e-15
    1.957041e+01      3.054169e-15
    1.957943e+01      3.062619e-15
    1.958845e+01      3.068266e-15
    1.960198e+01      3.076756e-15
    1.962005e+01      3.090957e-15
    1.963812e+01      3.106297e-15
    1.966075e+01      3.119558e-15
    1.966980e+01      3.128910e-15
    1.967886e+01      3.135400e-15
    1.968793e+01      3.141905e-15
    1.971969e+01      3.164412e-15
    1.972877e+01      3.173168e-15
    1.976970e+01      3.204004e-15
    1.977880e+01      3.208433e-15
    1.978791e+01      3.217311e-15
    1.980159e+01      3.224233e-15
    1.981071e+01      3.233278e-15
    1.981983e+01      3.239985e-15
    1.985180e+01      3.261317e-15
    1.987010e+01      3.277125e-15
    1.987925e+01      3.283923e-15
    1.990215e+01      3.302121e-15
    1.991132e+01      3.306686e-15
    1.992967e+01      3.322714e-15
    1.993885e+01      3.331908e-15
    1.994803e+01      3.339589e-15
    1.996181e+01      3.346517e-15
    1.998021e+01      3.361964e-15
    2.000783e+01      3.386827e-15
    2.002166e+01      3.391509e-15
    2.003088e+01      3.401677e-15
    2.004011e+01      3.408733e-15
    2.008168e+01      3.439086e-15
    2.009093e+01      3.444237e-15
    2.010944e+01      3.464121e-15
    2.012797e+01      3.479309e-15
    2.014188e+01      3.485724e-15
    2.016044e+01      3.501814e-15
    2.016973e+01      3.513929e-15
    2.018831e+01      3.530420e-15
    2.022088e+01      3.555983e-15
    2.023019e+01      3.564454e-15
    2.023951e+01      3.575140e-15
    2.024883e+01      3.582556e-15
    2.027216e+01      3.599921e-15
    2.029084e+01      3.619870e-15
    2.030019e+01      3.626545e-15
    2.030954e+01      3.633510e-15
    2.034230e+01      3.660101e-15
    2.035167e+01      3.671284e-15
    2.036104e+01      3.680383e-15
    2.037042e+01      3.687593e-15
    2.039858e+01      3.713582e-15
    2.042208e+01      3.734161e-15
    2.043149e+01      3.743631e-15
    2.044090e+01      3.750965e-15
    2.045031e+01      3.760911e-15
    2.047859e+01      3.787852e-15
    2.048802e+01      3.794545e-15
    2.050218e+01      3.805774e-15
    2.051162e+01      3.815426e-15
    2.053998e+01      3.840546e-15
    2.054944e+01      3.852947e-15
    2.056838e+01      3.868949e-15
    2.057785e+01      3.876083e-15
    2.059207e+01      3.885913e-15
    2.060155e+01      3.893077e-15
    2.061104e+01      3.902950e-15
    2.062054e+01      3.916454e-15
    2.063954e+01      3.933626e-15
    2.064905e+01      3.943601e-15
    2.065856e+01      3.952086e-15
    2.066807e+01      3.960892e-15
    2.070141e+01      3.990185e-15
    2.071095e+01      3.998462e-15
    2.073003e+01      4.017844e-15
    2.074914e+01      4.035460e-15
    2.075869e+01      4.044762e-15
    2.076825e+01      4.053153e-15
    2.080176e+01      4.083128e-15
    2.081134e+01      4.092541e-15
    2.082092e+01      4.098199e-15
    2.083051e+01      4.109538e-15
    2.084011e+01      4.119486e-15
    2.086892e+01      4.148518e-15
    2.087853e+01      4.160955e-15
    2.088815e+01      4.170067e-15
    2.091221e+01      4.185940e-15
    2.092185e+01      4.195590e-15
    2.093148e+01      4.206230e-15
    2.094112e+01      4.217383e-15
    2.097008e+01      4.244498e-15
    2.098940e+01      4.262781e-15
    2.099907e+01      4.272608e-15
    2.101842e+01      4.293318e-15
    2.102810e+01      4.301234e-15
    2.106202e+01      4.329054e-15
    2.107172e+01      4.341032e-15
    2.108143e+01      4.350038e-15
    2.109114e+01      4.360066e-15
    2.110085e+01      4.372130e-15
    2.111057e+01      4.381704e-15
    2.113002e+01      4.399396e-15
    2.114949e+01      4.418685e-15
    2.115924e+01      4.430911e-15
    2.116898e+01      4.441125e-15
    2.117873e+01      4.450338e-15
    2.118849e+01      4.461625e-15
    2.119825e+01      4.469336e-15
    2.123244e+01      4.500212e-15
    2.128139e+01      4.552951e-15
    2.129119e+01      4.559246e-15
    2.130100e+01      4.570107e-15
    2.131081e+01      4.578182e-15
    2.134027e+01      4.610978e-15
    2.136978e+01      4.641514e-15
    2.138947e+01      4.659540e-15
    2.139932e+01      4.671894e-15
    2.142891e+01      4.703737e-15
    2.143878e+01      4.713314e-15
    2.145853e+01      4.734343e-15
    2.146842e+01      4.744528e-15
    2.148820e+01      4.766428e-15
    2.149810e+01      4.773017e-15
    2.151791e+01      4.792841e-15
    2.153773e+01      4.818291e-15
    2.154765e+01      4.826063e-15
    2.156751e+01      4.846851e-15
    2.159235e+01      4.866234e-15
    2.160230e+01      4.876329e-15
    2.162221e+01      4.901094e-15
    2.163217e+01      4.910130e-15
    2.164213e+01      4.920316e-15
    2.165210e+01      4.930523e-15
    2.166207e+01      4.940752e-15
    2.167205e+01      4.951001e-15
    2.169202e+01      4.973854e-15
    2.170201e+01      4.985320e-15
    2.173202e+01      5.015832e-15
    2.175204e+01      5.036664e-15
    2.176206e+01      5.048275e-15
    2.178211e+01      5.070993e-15
    2.180218e+01      5.090882e-15
    2.181223e+01      5.099094e-15
    2.182227e+01      5.110849e-15
    2.184238e+01      5.130894e-15
    2.186251e+01      5.155764e-15
    2.186754e+01      5.166459e-15
    2.189778e+01      5.198081e-15
    2.190786e+01      5.208264e-15
    2.193815e+01      5.244366e-15
    2.195837e+01      5.264935e-15
    2.196848e+01      5.275857e-15
    2.198872e+01      5.298989e-15
    2.200898e+01      5.319160e-15
    2.201912e+01      5.329580e-15
    2.202926e+01      5.338178e-15
    2.206988e+01      5.380133e-15
    2.208005e+01      5.392536e-15
    2.209022e+01      5.401234e-15
    2.210039e+01      5.412439e-15
    2.211057e+01      5.421170e-15
    2.212076e+01      5.432416e-15
    2.214114e+01      5.452467e-15
    2.216154e+01      5.475112e-15
    2.217175e+01      5.486470e-15
    2.218196e+01      5.496586e-15
    2.222798e+01      5.550000e-15
    2.223822e+01      5.560233e-15
    2.225871e+01      5.581398e-15
    2.228948e+01      5.614266e-15
    2.229975e+01      5.624618e-15
    2.234087e+01      5.667519e-15
    2.237175e+01      5.700238e-15
    2.238206e+01      5.708119e-15
    2.241816e+01      5.752982e-15
    2.242849e+01      5.760936e-15
    2.243882e+01      5.776876e-15
    2.250091e+01      5.839733e-15
    2.251127e+01      5.851848e-15
    2.252164e+01      5.859938e-15
    2.255797e+01      5.905994e-15
    2.257876e+01      5.926428e-15
    2.258916e+01      5.937355e-15
    2.259956e+01      5.952413e-15
    2.265166e+01      6.004724e-15
    2.266209e+01      6.015795e-15
    2.268820e+01      6.050524e-15
    2.269865e+01      6.064472e-15
    2.273003e+01      6.095271e-15
    2.274050e+01      6.105103e-15
    2.278243e+01      6.151670e-15
    2.279817e+01      6.175797e-15
    2.281918e+01      6.197164e-15
    2.284021e+01      6.218606e-15
    2.285073e+01      6.232941e-15
    2.287178e+01      6.257387e-15
    2.289813e+01      6.286270e-15
    2.291923e+01      6.309472e-15
    2.295091e+01      6.342975e-15
    2.296149e+01      6.354670e-15
    2.298264e+01      6.376656e-15
    2.301972e+01      6.425294e-15
    2.305154e+01      6.462388e-15
    2.306216e+01      6.469832e-15
    2.306747e+01      6.484747e-15
    2.308873e+01      6.507183e-15
    2.313130e+01      6.557571e-15
    2.315794e+01      6.590115e-15
    2.317928e+01      6.612916e-15
    2.318996e+01      6.622059e-15
    2.322202e+01      6.661822e-15
    2.322737e+01      6.674105e-15
    2.330236e+01      6.759165e-15
    2.331847e+01      6.780989e-15
    2.335071e+01      6.820136e-15
    2.337222e+01      6.842157e-15
    2.340992e+01      6.889584e-15
    2.344769e+01      6.935743e-15
    2.345849e+01      6.946932e-15
    2.349092e+01      6.983820e-15
    2.351798e+01      7.022521e-15
    2.353965e+01      7.045195e-15
    2.358848e+01      7.109838e-15
    2.362109e+01      7.146494e-15
    2.364830e+01      7.182788e-15
    2.365920e+01      7.197688e-15
    2.369191e+01      7.230911e-15
    2.371920e+01      7.274330e-15
    2.373012e+01      7.282710e-15
    2.375199e+01      7.311273e-15
    2.376840e+01      7.334880e-15
    2.380126e+01      7.373828e-15
    2.386162e+01      7.448057e-15
    2.387262e+01      7.462649e-15
    2.387811e+01      7.474687e-15
    2.394970e+01      7.561240e-15
    2.396073e+01      7.576926e-15
    2.398833e+01      7.617159e-15
    2.401043e+01      7.636477e-15
    2.402149e+01      7.650556e-15
    2.408241e+01      7.732021e-15
    2.408796e+01      7.744494e-15
    2.412126e+01      7.780240e-15
    2.413237e+01      7.790997e-15
    2.414905e+01      7.816152e-15
    2.416017e+01      7.828761e-15
    2.423260e+01      7.915767e-15
    2.423818e+01      7.926711e-15
    2.426051e+01      7.954136e-15
    2.427728e+01      7.977981e-15
    2.429965e+01      8.003741e-15
    2.437250e+01      8.090829e-15
    2.440057e+01      8.124432e-15
    2.441181e+01      8.139412e-15
    2.446809e+01      8.214725e-15
    2.451884e+01      8.275477e-15
    2.453014e+01      8.292644e-15
    2.455274e+01      8.313675e-15
    2.459801e+01      8.379016e-15
    2.467175e+01      8.468237e-15
    2.467743e+01      8.481898e-15
    2.471155e+01      8.519086e-15
    2.479134e+01      8.627660e-15
    2.480276e+01      8.639588e-15
    2.494020e+01      8.822527e-15
    2.507264e+01      8.995522e-15
    2.517097e+01      9.132570e-15
    2.521158e+01      9.183178e-15
    2.533961e+01      9.362526e-15
    2.535129e+01      9.373311e-15
    2.540973e+01      9.455686e-15
    2.548003e+01      9.554171e-15
    2.553877e+01      9.640355e-15
    2.560944e+01      9.738521e-15
    2.562123e+01      9.754231e-15
    2.563894e+01      9.781220e-15
    2.575135e+01      9.933288e-15
    2.587021e+01      1.011097e-14
    2.590001e+01      1.015063e-14
    2.601956e+01      1.032269e-14
    2.610959e+01      1.045666e-14
    2.618183e+01      1.056071e-14
    2.633904e+01      1.080172e-14
    2.644844e+01      1.096966e-14
    2.649110e+01      1.102283e-14
    2.658276e+01      1.116074e-14
    2.673006e+01      1.139182e-14
    2.681020e+01      1.151577e-14
    2.695877e+01      1.174879e-14
    2.700847e+01      1.182750e-14
    2.703958e+01      1.187662e-14
    2.727721e+01      1.225725e-14
    2.728978e+01      1.227137e-14
    2.742837e+01      1.250527e-14
    2.751060e+01      1.263552e-14
    2.756132e+01      1.271724e-14
    2.773959e+01      1.301946e-14
    2.784197e+01      1.318539e-14
    2.791258e+01      1.330127e-14
    2.797693e+01      1.342125e-14
    2.811901e+01      1.366133e-14
    2.820980e+01      1.382270e-14
    2.837919e+01      1.411865e-14
    2.839226e+01      1.414142e-14
    2.843806e+01      1.422961e-14
    2.866817e+01      1.463838e-14
    2.868138e+01      1.465524e-14
    2.880713e+01      1.489680e-14
    2.884696e+01      1.497246e-14
    2.894676e+01      1.515629e-14
    2.922133e+01      1.568170e-14
    2.932919e+01      1.588887e-14
    2.949850e+01      1.622905e-14
    2.977831e+01      1.678777e-14
    2.979888e+01      1.683035e-14
    3.004692e+01      1.734575e-14
    3.026913e+01      1.780709e-14
    3.033193e+01      1.793053e-14
    3.061258e+01      1.852648e-14
    3.073973e+01      1.881885e-14
    3.088161e+01      1.912463e-14
    3.116018e+01      1.974663e-14
    3.121764e+01      1.987893e-14
    3.144126e+01      2.037948e-14
    3.150649e+01      2.054438e-14
    3.168838e+01      2.097457e-14
    3.171758e+01      2.104229e-14
    3.198895e+01      2.170166e-14
    3.215881e+01      2.212550e-14
    3.227008e+01      2.239201e-14
    3.255367e+01      2.309367e-14
    3.264375e+01      2.332883e-14
    3.281708e+01      2.380088e-14
    3.309787e+01      2.453539e-14
    3.311311e+01      2.456366e-14
    3.338105e+01      2.528093e-14
    3.358149e+01      2.583408e-14
    3.365116e+01      2.602514e-14
    3.393126e+01      2.680359e-14
    3.405650e+01      2.716396e-14
    3.421370e+01      2.759263e-14
    3.446672e+01      2.834608e-14
    3.448260e+01      2.838527e-14
    3.453027e+01      2.852286e-14
    3.476162e+01      2.922759e-14
    3.500258e+01      2.996353e-14
    3.504290e+01      3.008105e-14
    3.531832e+01      3.095943e-14
    3.548134e+01      3.146248e-14
    3.558771e+01      3.183413e-14
    3.586741e+01      3.273354e-14
    3.595009e+01      3.299841e-14
    3.614931e+01      3.365837e-14
    3.641665e+01      3.457745e-14
    3.670287e+01      3.552982e-14
    3.688926e+01      3.620704e-14
    3.698282e+01      3.650842e-14
    3.724775e+01      3.747943e-14
    3.736801e+01      3.789597e-14
    3.753185e+01      3.848514e-14
    3.769641e+01      3.911047e-14
    3.780942e+01      3.942694e-14
    3.784426e+01      3.951782e-14
    3.808027e+01      4.023398e-14
    3.830893e+01      4.092541e-14
    3.836189e+01      4.107646e-14
    3.863670e+01      4.192693e-14
    3.878823e+01      4.238313e-14
    3.892243e+01      4.278515e-14
    3.919223e+01      4.364083e-14
    3.926449e+01      4.385237e-14
    3.947299e+01      4.452388e-14
    3.972830e+01      4.536209e-14
    3.974660e+01      4.541434e-14
    4.002211e+01      4.630128e-14
    4.019759e+01      4.690218e-14
    4.029953e+01      4.722729e-14
    4.057887e+01      4.816073e-14
    4.068178e+01      4.849456e-14
    4.085075e+01      4.907870e-14
    4.113391e+01      5.003720e-14
    4.115286e+01      5.010638e-14
    4.123823e+01      5.041886e-14
    4.140950e+01      5.100268e-14
    4.161980e+01      5.173602e-14
    4.167734e+01      5.195089e-14
    4.195657e+01      5.292892e-14
    4.210174e+01      5.343097e-14
    4.223767e+01      5.393777e-14
    4.256964e+01      5.513064e-14
    4.304275e+01      5.687128e-14
    4.352111e+01      5.866688e-14
    4.399466e+01      6.047739e-14
    4.446313e+01      6.231506e-14
    4.493658e+01      6.422336e-14
    4.511282e+01      6.492217e-14
    4.541507e+01      6.614439e-14
    4.587753e+01      6.809152e-14
    4.634469e+01      7.007983e-14
    4.682740e+01      7.214280e-14
    4.730423e+01      7.419814e-14
    4.777492e+01      7.631203e-14
    4.825030e+01      7.848615e-14
    4.871918e+01      8.066646e-14
    4.919263e+01      8.288826e-14
    4.934010e+01      8.359745e-14
    4.965923e+01      8.513204e-14
    5.014181e+01      8.743655e-14
    5.060577e+01      8.980345e-14
    5.108578e+01      9.221318e-14
    5.155847e+01      9.462220e-14
    5.203553e+01      9.711650e-14
    5.250492e+01      9.956186e-14
    5.297854e+01      1.021864e-13
    5.344413e+01      1.048077e-13
    5.392622e+01      1.073725e-13
    5.397591e+01      1.076696e-13
    5.440014e+01      1.101268e-13
    5.486558e+01      1.127699e-13
    5.533501e+01      1.155827e-13
    5.580846e+01      1.183295e-13
    5.628595e+01      1.212531e-13
    5.675446e+01      1.240775e-13
    5.722687e+01      1.270554e-13
    5.771650e+01      1.300149e-13
    5.818352e+01      1.331046e-13
    5.865432e+01      1.361109e-13
    5.903370e+01      1.386095e-13
    5.911531e+01      1.389290e-13
    5.959365e+01      1.406025e-13
    6.007586e+01      1.421978e-13
    6.053409e+01      1.438444e-13
    6.102391e+01      1.456106e-13
    6.148936e+01      1.472289e-13
    6.195837e+01      1.488651e-13
    6.456542e+01      1.578676e-13
    7.063176e+01      1.748208e-13
    7.726806e+01      1.937283e-13
    8.450842e+01      2.144831e-13
    9.242724e+01      2.100840e-13
    1.011114e+02      2.055384e-13
    1.106114e+02      2.010449e-13
    1.210041e+02      1.934608e-13
    1.323122e+02      1.686138e-13
    1.447105e+02      1.469918e-13
    1.583070e+02      1.281424e-13
    1.731809e+02      1.115560e-13
    1.894087e+02      9.702709e-14
    2.072049e+02      7.746277e-14
    2.266209e+02      6.174375e-14
    2.479134e+02      4.922583e-14
    2.710816e+02      3.923675e-14
    2.966197e+02      3.126029e-14
    3.244143e+02      2.381733e-14
    3.548134e+02      1.800914e-14
    3.880610e+02      1.360796e-14
    4.245218e+02      1.030370e-14
    4.643014e+02      7.792791e-15
    5.079255e+02      5.712063e-15
    5.555204e+02      4.135167e-15
    6.077151e+02      2.992906e-15
    6.646607e+02      2.177675e-15
    7.269424e+02      1.584503e-15
    7.952433e+02      1.153966e-15
    8.697611e+02      8.419630e-16
    9.514807e+02      6.153087e-16
    1.041118e+03      4.588735e-16
    1.137889e+03      3.411874e-16
    1.245088e+03      2.562672e-16
    1.362072e+03      1.969668e-16
    1.490047e+03      1.517725e-16
    1.628921e+03      1.219251e-16
    1.781968e+03      9.992934e-17
    1.949845e+03      8.317504e-17
    2.132063e+03      7.277681e-17
    2.332921e+03      6.456439e-17
    2.550939e+03      5.979888e-17
    2.791258e+03      5.671436e-17
    3.052812e+03      5.416179e-17
    3.338874e+03      5.408702e-17
    3.651741e+03      5.367759e-17
    3.994846e+03      5.419922e-17
    4.370187e+03      5.515603e-17
    4.779693e+03      5.565357e-17
    5.227572e+03      5.771557e-17
    5.717419e+03      5.914159e-17
    6.254607e+03      6.096675e-17
    6.842267e+03      6.324017e-17
    7.483418e+03      6.487734e-17
    8.186533e+03      6.782550e-17
    8.953648e+03      7.035468e-17
    9.794900e+03      7.292778e-17
    1.071026e+04      7.631203e-17
    1.171925e+04      7.904839e-17
    1.282035e+04      8.298374e-17
    1.401845e+04      8.669479e-17
    1.532851e+04      8.953504e-17
    1.676872e+04      9.512464e-17
    1.834848e+04      9.933288e-17
    2.006781e+04      1.045666e-16
    2.194826e+04      1.101014e-16
    2.401043e+04      1.147078e-16
    2.626032e+04      1.221499e-16
    2.872764e+04      1.285266e-16
    3.141955e+04      1.356729e-16
    3.437162e+04      1.439107e-16
    3.759240e+04      1.510056e-16
    4.112444e+04      1.612475e-16
    4.497799e+04      1.707627e-16
    4.920395e+04      1.808394e-16
    5.381459e+04      1.930159e-16
    5.885725e+04      2.040295e-16
    6.438727e+04      2.183700e-16
    7.043686e+04      2.326446e-16
    7.703711e+04      2.452974e-16
    8.425584e+04      2.650898e-16
    9.215099e+04      2.816391e-16
    1.008092e+05      3.017818e-16
    1.103062e+05      3.234395e-16
    1.205869e+05      3.427623e-16
    1.318864e+05      3.705894e-16
    1.443112e+05      3.960892e-16
    1.577975e+05      4.248083e-16
    1.727030e+05      4.575020e-16
    1.888861e+05      4.874084e-16
    2.065856e+05      5.241952e-16
    2.258916e+05      5.629801e-16
    2.471155e+05      6.068663e-16
    2.702713e+05      6.553798e-16
    2.957331e+05      7.009597e-16
    3.233702e+05      7.582161e-16
    3.538344e+05      8.165692e-16
    3.869902e+05      8.705486e-16
    4.232530e+05      9.492771e-16
    4.630203e+05      1.018810e-15
    5.064073e+05      1.101775e-15
    5.538600e+05      1.189031e-15
    6.058987e+05      1.271724e-15
    6.626741e+05      1.383863e-15
    7.249366e+05      1.487623e-15
    7.928664e+05      1.611733e-15
    8.673612e+05      1.744990e-15
    9.486369e+05      1.871083e-15
